#robot information
d_hext: [0, -1.5708, 0, 0.1013, -0.1013, 0.1013, 0, 0, 0.3500, 3.1416, -1.5708, 0.1013, 0, 0, 0, 0, 0, -1.5708, -1.5708, 0.1013, -0.1013, 0.1013, 0, 1.5708, 0, 1.5708, 1.22464679914735e-16, 0.3012, -0.1999, -0.0748, 0, 0, 0, -1.5708, 1.22464679914735e-16, 0, -0.0748, 0.0748, 0, -1.22464679914735e-16, 0, 0, 0, 0.2378, -0.1630, 0, 0, 0]

enclosures: [0, 0, -0.3498, 0, -1.768424335276825e-4, 0, 0, 0, 0, 2.640750080110833e-4, 0, -0.1977, 0, 0.0032, 0.0225, -0.1163, -0.0108, -0.1163, 0.0739, -0.0898, -0.0990, 0, 0, 0.000220063248542873, 0, 0.000280800384596616, 0, 0, 0, 0, -0.000264075008011104, 0, -0.0056, 0, 0.0032, 0.0225, -0.1163, -0.0107, -0.1163, 0.0182, -0.0898, -0.0990, 0.0503, 0.0900, 0.0719, 0.0900, 0.0659, 0.0700, 0.1061]
nb_joints: 6

